colores_MLER <- list(
    paleta <- c(
        "#1d1d1d",
        "#C9570A",
        "#444D63",
        "#0B476B",
        "#5B649D",
        "#1C4500",
        "#0e872e",
        "#034e3d",
        "#9F1002",
        "#A14100",
        "#0B5D5F",
        "#5EA122",
        "#0a0d9c",
        "#392387",
        "#8C3864",
        "#870e4b",
        "#46081B",
        "#003f5c"
    ),
    favoritos <- c(
        "#1d1d1d",
        "#C9570A",
        "#003f5c",
        "#0e872e",
        "#5EA122",
        "#9F1002"

    )
)


